TIMES:
 LIBRARY: 0.000129
 SYSTEM: 0.000476

