TIMES:
 LIBRARY: 0.000175
 SYSTEM: 0.000059

TIMES:
 LIBRARY: 0.000128
 SYSTEM: 0.000032

TIMES:
 LIBRARY: 0.000190
 SYSTEM: 0.001316

